# palettes
cols.streams <- c(
  "Bear Valley" = "#55FF00",
  "Beaver" = "#7A8EF5",
  "Big" = "#FFFF00",
  "Camas" = "#E64C00",
  "Elk" = "#D7D79E",
  "Loon" = "#7AF5CA",
  "Marsh" = "#DF73FF",
  "Sulphur" = "#FFAA00"
)

cols.years <- c(
  "2002" = "#1B9E77", 
  "2003" = "#D95F02", 
  "2004" = "#7570B3", 
  "2005" = "#E7298A", 
  "2001" = "#66A61E"
)

# fixed date for better date axes
fixed_date <- as.Date("2000-12-31")